0 0 255 255 255 0 0.5 57 143 84 1
255 0 0 255 255 255 0.5 255 66 74 0
255 0 0 0 0 255 0.5 74 24 43 1
0 255 255 255 0 255 0.5 122 102 255 0
255 0 0 0 255 0 0.5 131 75 23 1
0 33 133 252 210 0 0.5 61 147 62 1
0 0 0 255 255 255 0.5 166 166 166 1
167 78 161 254 173 172 0.17 171 83 163 1
226 181 211 189 86 203 0.19 225 175 211 1
148 59 53 201 223 216 0.11 151 62 56 1
120 187 93 71 94 235 0.87 65 103 199 1
107 109 209 44 40 81 0.38 96 96 178 1
129 249 119 192 57 111 0.87 186 62 112 1
209 78 137 216 179 28 0.59 216 140 50 1
23 176 102 179 65 97 0.4 72 128 104 1
107 241 110 5 64 34 0.67 29 123 69 1
1 73 71 106 55 205 0.48 21 71 106 1
137 217 157 179 5 141 0.45 164 94 160 1
130 169 74 124 244 51 0.52 131 205 62 1
232 156 3 163 166 102 0.8 165 166 88 1
175 72 202 254 126 48 0.57 215 112 66 1
172 220 146 177 22 239 0.09 174 212 147 1
62 116 205 79 220 60 0.8 79 213 64 1
104 110 2 82 181 211 0.79 74 182 121 1
255 151 220 78 1 65 0.53 190 53 169 1
165 175 172 124 167 235 0.68 129 170 212 1
33 145 54 173 113 82 0.69 112 120 76 1
91 96 62 84 30 139 0.97 84 30 138 1
179 132 211 204 81 122 0.48 188 106 158 1
34 227 88 2 155 99 0.1 34 226 88 1
33 31 31 197 181 179 0.35 99 94 94 1
55 120 236 80 24 226 0.36 59 93 235 1
251 57 63 148 249 64 0.73 172 182 74 1
78 209 73 134 186 134 0.7 120 190 116 1
174 69 34 196 7 33 0.49 184 28 34 1
118 93 178 160 147 88 0.43 133 117 114 1
110 151 80 238 238 157 0.4 144 180 106 1
226 69 10 103 102 239 0.98 102 103 234 1
8 106 96 43 229 75 0.95 43 229 75 1
183 253 200 119 171 229 0.31 173 229 204 1
200 153 160 143 21 233 0.75 150 51 202 1
6 167 73 210 186 243 0.53 77 184 122 1
227 51 31 57 232 204 0.27 144 76 51 1
82 219 198 178 180 50 0.83 167 182 53 1
210 195 57 39 21 62 0.34 186 165 67 1
122 126 16 83 160 231 0.19 118 128 20 1
10 64 199 127 163 145 0.12 5 68 193 1
207 111 163 159 81 30 0.59 176 94 49 1
141 198 108 11 253 203 0.8 41 244 192 1
60 50 171 237 104 121 0.97 236 104 121 1
172 122 175 135 128 179 0.72 139 127 178 1
73 66 12 41 218 126 0.33 76 108 33 1
1 26 251 205 150 250 0.79 162 142 251 1
184 213 251 165 171 34 0.79 167 174 39 1
91 170 126 232 118 8 0.67 165 128 32 1
30 39 254 103 113 13 0.92 102 112 14 1
112 161 251 201 198 97 0.22 111 169 188 1
185 14 6 215 105 220 0.65 215 67 82 1
67 38 21 151 145 169 0.08 69 40 22 1
70 66 23 46 27 72 0.84 46 31 60 1
26 123 234 13 180 173 0.41 0 144 196 1
3 34 50 178 209 167 0.22 14 71 92 1
123 59 198 4 69 79 0.38 51 69 147 1
108 109 19 11 230 20 0.52 72 173 28 1
239 206 48 16 57 235 0.78 0 96 117 0
90 246 76 23 91 165 0.49 58 176 95 1
115 121 165 137 8 144 0.88 136 11 145 1
193 222 92 122 36 139 0.32 193 172 102 1
120 206 123 103 210 246 0.49 109 210 152 1
99 110 210 142 234 246 0.96 142 234 246 1
31 152 182 74 119 34 0.84 70 121 36 1
70 17 36 212 42 1 0.75 197 42 7 1
76 229 54 245 96 56 0.43 123 160 61 1
52 100 183 121 189 170 0.7 109 176 172 1
237 195 81 189 25 153 0.26 238 154 90 1
113 8 245 130 204 209 0.46 126 98 218 1
189 148 10 240 40 1 0.38 201 94 12 1
98 27 94 120 146 202 0.53 125 86 168 1
1 215 4 153 6 91 0.34 97 117 48 1
18 34 83 250 149 226 0.42 83 103 177 1
224 18 199 114 112 78 0.79 121 96 83 1
232 80 153 47 161 126 0.55 92 118 136 1
6 81 80 216 58 46 0.57 73 69 58 1
205 213 162 214 37 207 0.11 207 203 163 1
170 202 34 145 106 227 0.61 152 142 82 1
55 220 72 231 170 218 0.74 166 180 159 1
5 227 255 195 75 42 0.16 51 213 205 1
50 89 229 90 181 57 0.28 37 114 115 1
161 152 106 112 105 69 0.26 156 148 102 1
239 185 84 30 173 211 0.5 83 183 112 1
182 2 78 127 253 229 0.82 165 172 221 1
44 171 119 123 253 247 0.92 124 250 242 1
3 245 31 169 200 226 0.66 105 213 101 1
90 74 246 162 180 185 0.2 92 87 226 1
88 179 244 160 100 109 0.89 156 101 110 1
230 188 133 41 251 163 0.46 114 208 147 1
126 34 172 233 234 65 0.78 229 203 77 1
191 16 69 148 154 107 0.09 190 18 70 1
134 112 93 53 135 236 0.05 133 112 93 1
177 217 27 163 239 196 0.78 161 239 141 1
82 87 99 91 108 215 0.11 82 87 100 1
236 60 227 189 139 197 0.54 204 98 206 1
247 226 95 61 21 19 0.13 243 218 96 1
202 75 184 94 168 70 0.74 104 151 76 1
152 241 55 163 123 57 0.03 152 241 55 1
248 183 203 105 233 215 0.88 107 231 215 1
186 135 227 174 194 228 0.01 186 135 227 1
0 121 126 10 139 58 0.11 0 122 122 0
204 70 216 28 134 100 0.16 163 80 201 1
101 182 6 57 123 65 0.5 79 155 30 1
174 139 44 64 151 152 0.49 97 146 69 1
80 69 75 151 226 42 0.6 145 179 56 1
239 137 144 26 133 8 0.92 27 133 9 1
19 71 14 225 3 82 0.68 119 39 62 1
15 149 199 43 176 229 0.11 15 149 199 1
119 151 6 150 130 215 0.73 140 141 92 1
34 12 87 215 45 145 0.72 179 46 144 1
172 167 190 226 132 8 0.53 193 148 47 1
31 3 26 120 53 187 0 31 3 26 1
3 16 21 146 110 188 0.85 136 110 184 1
127 174 63 17 188 44 0.3 95 177 60 1
28 204 234 69 18 6 0.3 75 162 139 1
229 121 51 108 163 215 0.4 160 134 71 1
243 101 140 70 37 111 0.47 160 85 139 1
11 171 229 64 143 250 0.39 23 163 233 1
74 191 52 150 96 167 0.19 78 184 55 1
169 219 51 44 10 117 0.3 160 175 69 1
239 202 235 83 50 37 0.77 115 75 58 1
245 215 165 58 168 115 0.75 68 174 122 1
175 5 151 205 148 108 0.93 205 145 108 1
73 76 42 9 199 31 0.76 32 188 34 1
169 235 156 102 5 29 0.18 187 180 155 1
45 29 135 105 87 192 0.28 55 39 150 1
169 151 46 19 70 130 0.08 165 151 46 1
225 58 217 3 11 228 0.65 36 32 223 1
107 64 254 199 248 245 0.59 177 175 249 1
232 190 200 201 13 129 0.27 238 133 196 1
156 20 146 71 241 37 0.57 121 127 70 1
158 181 240 228 82 117 0.38 173 143 184 1
158 149 246 205 105 48 0.39 167 139 111 1
163 11 194 53 247 244 0.63 110 141 240 1
17 207 240 24 137 165 0.58 28 163 190 1
95 117 128 28 9 53 0.97 28 9 54 1
48 160 134 172 158 122 0.72 131 159 124 1
169 15 165 172 113 104 0.91 172 111 104 1
162 111 170 13 52 94 0.82 18 58 103 1
119 6 154 2 142 233 0.85 27 131 231 1
125 61 82 218 171 136 0.52 187 123 123 1
103 165 192 151 141 118 0.08 103 165 191 1
236 89 53 242 146 51 0.37 238 102 53 1
201 142 145 84 132 211 0.61 104 137 176 1
201 112 151 198 66 73 0.11 201 111 149 1
94 231 130 58 0 238 0.33 84 167 141 1
7 216 163 210 233 111 0.12 11 216 161 1
139 231 150 181 106 46 0.86 178 109 49 1
116 161 170 63 27 23 0.24 118 149 152 1
213 97 220 8 236 111 0.4 109 139 146 1
0 133 21 95 17 36 0.59 56 49 32 1
246 187 73 171 21 139 0.86 175 32 128 1
73 201 174 19 121 57 0.23 68 195 157 1
57 92 158 240 73 248 0.94 234 74 247 1
229 110 74 190 113 137 0.88 191 113 134 1
130 200 93 44 31 112 0.72 70 73 106 1
75 185 225 12 154 118 0.81 15 156 121 1
222 141 21 103 51 113 0.65 137 82 59 1
246 148 94 77 123 102 0.96 77 123 102 1
203 104 111 44 113 41 0.87 46 113 42 1
237 19 143 229 234 73 0.91 233 217 78 1
207 172 83 25 70 246 0.23 164 166 88 1
21 134 36 81 231 133 0.82 79 225 125 1
90 7 134 64 245 243 0.75 96 184 241 1
138 22 14 16 20 31 0.42 78 27 22 1
196 32 171 5 156 234 0.8 49 135 229 1
160 2 62 105 242 177 0.75 152 141 173 1
74 82 11 138 153 74 0.92 138 153 73 1
46 67 127 119 175 27 0.14 42 76 94 1
145 136 167 19 233 205 0.32 96 154 177 1
161 0 131 61 225 1 0.63 116 117 54 1
248 67 109 155 16 236 0.25 228 67 112 1
184 167 209 241 46 107 0.51 205 84 146 1
181 78 196 159 193 125 0.22 178 89 176 1
116 8 222 235 171 64 0.83 228 161 68 1
41 48 141 232 197 213 0.39 96 112 193 1
199 47 11 14 9 200 0.16 164 50 20 1
139 44 5 9 186 212 0.22 90 60 19 1
229 200 10 202 37 4 0.64 218 64 9 1
4 166 90 14 241 9 0.48 19 199 43 1
47 8 239 221 173 135 0.41 85 90 155 1
112 110 145 3 44 119 0.35 66 100 144 1
31 53 98 124 48 123 0.63 82 51 119 1
35 217 11 215 251 63 0.83 187 249 61 1
76 199 35 8 195 237 0.54 8 201 76 1
229 213 110 49 39 239 0.85 36 69 183 1
185 21 251 96 69 254 0.97 96 69 254 1
188 249 190 179 83 78 0.95 179 84 78 1
30 139 41 117 114 74 0.67 83 119 63 1
27 177 84 151 106 23 0.63 89 124 38 1
103 147 100 27 106 72 0.63 41 119 81 1
246 47 38 172 123 253 0.35 212 62 54 1
30 213 20 48 241 45 0.41 38 221 28 1
228 187 15 210 18 28 0.61 224 49 29 1
177 96 110 49 255 42 0.8 80 227 54 1
176 220 93 124 0 186 0.24 180 174 103 1
200 9 179 169 218 101 0.48 188 90 121 1
148 212 226 181 191 95 0.48 160 203 133 1
179 4 34 178 194 158 0.68 197 95 127 1
170 129 117 87 232 199 0.77 97 217 191 1
198 76 202 190 211 111 0.24 197 93 167 1
56 230 50 254 145 190 0.02 56 230 50 1
165 210 94 220 17 75 0.95 219 18 75 1
186 91 195 123 66 4 0.31 175 97 79 1
23 113 67 65 184 208 0.81 62 182 190 1
198 27 130 252 83 117 0.07 198 27 130 1
174 166 154 89 211 231 0.99 89 211 231 1
207 179 181 137 105 144 0.45 182 151 171 1
159 67 141 171 145 103 0.29 162 79 128 1
220 96 230 203 203 182 0.34 215 118 208 1
1 4 45 72 73 178 0.33 10 26 110 1
35 190 155 120 63 95 0.92 115 65 96 1
69 158 136 84 204 97 0.98 84 204 97 1
1 194 90 167 19 161 0.39 82 113 103 1
66 57 44 195 71 143 0.96 195 71 143 1
86 243 89 100 171 57 0.82 100 174 59 1
111 28 41 33 99 221 0.21 88 35 47 1
113 224 82 27 0 235 0.31 86 170 98 1
251 223 80 206 41 188 0.43 241 135 101 1
94 81 191 34 26 63 0.06 94 81 190 1
35 214 192 107 93 31 0.89 101 96 33 1
96 35 171 28 223 80 0.25 76 74 117 1
194 91 11 191 228 10 0.58 198 168 22 1
67 140 99 230 118 150 0.01 67 140 99 1
116 222 241 19 44 36 0.13 116 218 230 1
35 70 247 178 10 44 0.69 108 28 54 1
164 228 196 3 210 253 0.42 78 223 206 1
195 183 243 168 31 74 0.29 202 139 196 1
223 112 42 254 161 119 0.32 228 121 52 1
118 210 167 166 172 170 0.11 119 209 167 1
66 31 212 247 190 243 0.35 108 83 232 1
114 83 5 239 199 16 0.7 217 183 21 1
44 154 247 236 124 33 0.45 85 144 78 1
71 15 192 50 60 38 0.79 51 57 41 1
210 29 166 11 221 92 0.44 107 91 116 1
246 203 35 184 118 122 0.84 186 122 109 1
47 28 69 244 85 2 0.13 53 34 58 1
156 185 87 27 0 233 0.84 0 55 160 0
134 1 110 90 9 223 0.03 134 1 110 1
128 101 93 39 100 186 0.83 40 101 174 1
165 238 50 169 187 142 0.94 169 187 140 1
136 238 75 248 212 246 0.1 137 238 76 1
64 126 97 97 128 180 0.28 67 127 103 1
31 209 82 248 157 38 0.72 152 166 51 1
180 71 240 138 72 242 0.35 169 71 240 1
8 173 202 144 36 29 0.31 67 131 132 1
185 10 114 226 34 219 0.62 216 31 175 1
4 186 240 144 171 94 0.04 1 186 237 1
242 125 92 28 65 173 0.55 75 104 109 1
144 226 220 12 252 187 0.03 144 226 220 1
93 10 124 183 156 42 0.53 162 89 61 1
88 18 40 125 227 61 0.64 145 149 72 1
73 185 215 118 142 140 0.31 79 178 197 1
47 21 131 57 88 19 0.49 51 58 34 1
2 150 150 106 5 74 0.47 66 60 131 1
75 77 197 238 242 50 0.3 96 123 102 1
190 52 97 240 151 184 0.98 240 151 184 1
196 161 66 235 220 4 0.09 196 162 65 1
138 218 147 116 134 70 0.57 130 165 97 1
240 233 209 52 170 168 0.85 55 172 170 1
70 119 134 148 130 187 0.83 142 130 184 1
12 29 192 205 138 135 0.56 85 108 143 1
44 60 36 84 214 179 0.64 88 182 144 1
207 213 121 116 149 58 0.48 161 185 90 1
231 203 111 26 71 104 0.89 28 76 106 1
219 68 224 236 208 4 0.5 231 133 61 1
84 222 20 199 85 128 0.97 198 85 127 1
193 197 210 131 10 5 0.87 139 14 8 1
77 122 139 4 184 96 0.47 45 151 110 1
58 176 135 96 129 26 0.12 58 176 127 1
188 122 131 105 128 84 0.84 107 128 85 1
187 20 164 110 62 27 0.34 167 43 88 1
39 207 252 68 250 57 0.59 54 234 78 1
44 114 255 227 165 74 0.26 39 131 148 1
54 104 146 241 6 161 0.91 223 22 161 1
160 10 47 17 117 216 0.69 67 68 136 1
32 194 87 138 55 227 0.08 34 192 88 1
217 253 23 20 220 43 0.26 156 248 36 1
7 172 166 115 85 156 0.16 16 168 166 1
122 168 101 228 180 30 0.79 212 180 35 1
212 245 0 33 109 180 0.61 57 162 72 1
226 227 169 106 175 138 0.49 152 203 158 1
201 91 186 147 181 55 0.83 149 175 58 1
222 48 140 143 163 94 0.61 160 110 104 1
32 152 3 159 196 104 0.75 130 194 73 1
85 76 23 139 46 134 0.23 88 73 26 1
67 23 230 30 48 29 0.25 55 53 134 1
154 27 138 211 130 28 0.12 155 36 118 1
62 64 223 22 199 118 0.74 22 181 122 1
9 39 158 101 119 93 0.77 87 113 95 1
251 213 122 90 187 22 0.11 234 214 117 1
222 113 211 23 217 89 0.31 129 136 148 1
245 18 220 150 203 6 0.98 150 203 7 1
199 195 215 40 182 191 0.86 42 182 192 1
139 253 162 180 112 144 0.28 152 216 164 1
66 28 170 101 200 45 0.09 61 47 135 1
96 193 13 129 67 101 0.51 114 127 43 1
255 135 3 12 91 155 0.18 178 139 26 1
66 239 99 174 0 118 0.41 126 105 112 1
163 204 238 147 158 23 0.64 152 171 41 1
